function[n,v0,edges,rlist,xlist,ind_PVs] = SCE47_adapted()
%% NETWORK AS USED BY ANGELOS
n = 47; 
v0 = 1;
ind_PVs = [13,17,19,23,24];

%% EDGES, RESISTANCES, REACTANCES
% adapted resistances for lines to PVs (which were 0)
edges = [1     2;
     2     3;
     2    13;
     3     4;
     3    14;
     3    15;
     4     5;
     4    20;
     5     6;
     5    26;
     6     7;
     6    27;
     7     8;
     7    32;
     8     9;
     8    35;
     8    39
     8    40;
     8    41;
     9    10;
     9    42;
    10    11;
    10    46;
    11    12;
    11    47;
    15    16;
    15    18;
    16    17;
    18    19;
    20    21;
    20    25;
    21    22;
    21    24;
    22    23;
    27    28;
    27    31;
    28    29;
    29    30;
    32    33;
    33    34;
    35    36;
    35    37;
    35    38;
    42    43;
    43    44;
    43    45];
rlist = [0.2590    0.0310    0.0920    0.0460    0.0920    0.2140    0.1070    0.3360    0.0150    0.0610    0.0310    0.1680    0.0150    0.0760    0.0310    0.0760    0.2440    0.0460    0.1070    0.0150    0.1530    0.1070    0.2290    0.0760    0.0310    0.1070    0.0460   0.0920         0.0920    0.1220    0.2140    0.1980         0.0920         0.0920    0.1070    0.0460    0.1070    0.0610    0.0460    0.0310    0.0760    0.0760    0.1070    0.0610    0.0610    0.0610];
xlist = [0.8080    0.0920    0.0310    0.0920    0.0310    0.0460    0.1830    0.0610    0.0310    0.0150    0.0460    0.0610    0.0150    0.0150    0.0310    0.0150    0.0460    0.0150    0.0310    0.0150    0.0460    0.0760    0.1220    0.0460    0.0150    0.0150    0.0150   0.0310         0.0310    0.0920    0.0460    0.0460         0.0310         0.0310    0.0310    0.0150    0.0310    0.0150    0.0150    0.0100    0.0150    0.0460    0.0150    0.0150    0.0150    0.0150];
xlist = zeros(1,46);