function[n,v0,edges,rlist,xlist,ind_PVs] = SCE56()
n = 56; 
v0 = 1;

ind_PVs = [45];

%% EDGES, RESISTANCES, REACTANCES
edges = [1     2
     2     3
     2     4
     4     5
     4     6
     4     7
     4    20
     7     8
     8     9
     8    10
    10    11
    11    12
    11    13
    13    14
    13    15
    15    16
    15    17
    17    18
    18    19
    20    21
    20    23
    21    22
    23    24
    23    25
    25    26
    26    27
    26    32
    27    28
    28    29
    29    30
    30    31
    32    33
    32    34
    34    35
    34    36
    34    38
    34    41
    36    37
    38    39
    39    40
    41    42
    41    47
    42    43
    42    44
    42    45
    42    46
    47    48
    47    49
    49    50
    49    51
    51    52
    51    53
    53    54
    53    55
    53    56];
rlist = [0.1600    0.8240    0.1440    1.0260    0.7410    0.5280    0.1380    0.3580    2.0320    0.5020    0.3720    1.4310    0.4290    0.6710    0.4570    1.0080    0.1530    0.9710    1.8850    1.8180    0.2250    1.8180    0.1270    0.2840    0.1710    0.4140    0.2050  0.2100    0.3950    0.2480    0.2790    0.2630    0.0710    0.6250    0.5100    1.0620    0.1150    2.0180    0.6100    2.3490    0.1590    0.1570    0.9340    0.5060    0.0950    1.9150    1.6410    0.0810    1.7270    0.1120    0.6740    0.0700    2.0410    0.8130    0.1410];
xlist = [0.3880    0.3150    0.3490    0.4210    0.4660    0.4680    0.3340    0.3140    0.7980    0.4410    0.3270    0.9990    0.3770    0.2570    0.4010    0.3850    0.1340    0.7220    0.7210    0.0960    0.5420    0.6950    0.0280    0.6870    0.4140    0.3860    0.4950  0.1960    0.3690    0.2320    0.2600    0.0730    0.1710    0.2730    0.2090    0.4060    0.2780    0.8290    0.2380    0.9640    0.3840    0.3790    0.3830    0.1630    0.1950    0.7690    0.6700    0.1960    0.7090    0.2700    0.2750    0.1700    0.7800    0.3340    0.3400];